589
408
53
13947
13854
13962
352
2508
435
13931
187
6202
55
11710
1415
4332
13963
982
5823
752
13954
4579
8900
246
13855
3235
13908
3979
14377
4577
13945
13991
12389
1059
73
4722
3484
9130
9129
2035
13923
13943
3667
14017
12390
13989
9290
13956
147
4358
13970
9317
588
14004
54
13828
440
3392
3240
9
1331
3902
4661
13830
4634
6184
158
224
14018
598
9407
13948
7809
13997
13866
13861
7722
13988
14003
11
13944
13829
1056
427
6096
4536
6021
1026
85
987
8187
4628
10
1089
154
883
13867
6440
1544
7439
6318
12714
13891
13965
880
3666
2454
275
1575
6227
2225
3156
13898
4066
6841
3234
4656
5868
634
5379
3596
1048
12917
9266
1223
2481
9430
13862
3128
4633
5566
6274
3939
614
415
432
1341
969
5184
1005
13936
6269
4572
4594
9657
6384
13909
1414
2803
4113
12
1058
4179
861
3352
4280
13946
485
6470
7755
5924
1447
13457
4636
10900
5925
9023
8641
4533
104
1053
1682
229
605
1224
990
4576
2492
6120
473
2694
13990
1539
6748
13860
8184
7080
1302
5129
3628
10543
13984
4346
9431
964
5780
1095
1828
12936
6498
6260
5261
11792
2226
582
4690
6209
3463
5296
1060
13980
11968
2824
4494
13979
618
4450
1027
4189
9668
6508
386
4188
655
1486
3668
5573
7333
949
8441
978
7661
5771
8379
1845
5150
3899
2868
5741
10261
10446
5185
3400
2490
13782
13442
305
1789
8982
4296
5378
6267
1838
7383
5557
1442
7756
1504
481
1596
5343
5928
7486
4193
11136
433
3254
8551
7794
6973
4275
12439
8501
2670
3832
2724
6388
3655
6287
10369
9440
4235
933
13893
965
10965
1344
452
715
3623
33
13863
7415
4624
5913
857
6163
1444
2259
1159
12010
3365
34
4587
4438
2858
13016
1111
5546
3320
956
5752
4
4720
6452
14218
5684
957
961
1435
2952
781
839
3346
1241
9853
10196
283
8030
4321
5745
5136
6
3253
6509
6996
1846
7743
5237
8765
5634
4181
4498
4631
5961
9098
2253
12530
9358
6296
5761
1994
912
2026
1229
5215
3006
1671
6775
7376
492
8109
5558
9236
2751
2810
5743
6778
12819
3758
6204
5851
6387
1420
8932
1914
763
5708
1049
6821
6101
12921
2865
7442
14586
3425
8018
2193
3524
7145
11646
2969
5356
299
3044
4526
791
6231
5724
7847
5515
4531
12388
6425
4373
6289
2187
6158
1766
6125
3533
6386
6174
5556
3603
4600
13992
5205
10468
5908
13857
5138
4697
2864
6022
563
7838
859
12367
4604
7517
7764
8760
10553
624
2966
4392
3472
2418
13053
4283
7746
398
9883
14002
13327
6270
6845
2036
7381
4662
8868
12919
6839
11684
13922
2325
8550
5879
5176
966
3232
6276
5792
4444
3438
7739
7745
5895
5460
2188
5889
1423
480
1018
6006
13792
3530
1976
11173
6292
577
10469
8325
595
9384
6229
1678
662
10333
862
10959
865
4440
753
4664
5945
8707
568
5978
74
11109
6513
4539
11376
5137
7636
9690
4646
4823
59
878
9054
6182
14419
596
2905
12334
11221
8973
65
5341
6776
3055
11559
7859
401
3430
8959
945
8588
3118
12750
4568
619
5306
4449
7034
12730
4547
9128
1874
5543
8017
12525
6218
9068
11010
10127
14470
5363
2736
741
2857
7725
3627
5729
11344
2317
5744
5574
5722
12767
5151
7461
266
1859
6887
10241
9270
8138
1015
2849
8537
10417
6562
3280
434
2839
4869
1086
6900
4584
8364
10962
1691
8119
14563
402
3242
5685
1842
4909
6336
3637
695
5058
8391
1057
7265
2252
7632
13449
11476
3057
3595
7781
6472
462
8546
5172
14099
9058
3907
4324
842
9669
9335
4370
7384
3388
5915
7713
9066
407
6297
1577
7685
4109
3427
4405
3486
3760
3155
4230
404
3546
9710
7477
7605
11540
1932
2521
14396
6909
6195
1752
11967
4528
5241
12108
14312
9267
1970
1536
5015
7950
7820
769
10472
14281
2523
2254
9213
11621
8499
7393
5420
6019
8050
11479
8736
4901
5806
3773
4054
5140
1441
2088
5647
472
2511
2283
4643
1204
4322
10770
261
12681
2623
6610
5408
222
5226
7638
11328
13404
1019
6504
6912
2275
11358
4297
967
4087
2769
4477
1718
8375
7798
5354
7698
9465
5930
8274
6285
7289
5139
1096
4679
963
13864
1830
811
9212
5832
7765
7339
2077
6404
10216
10410
3133
1655
4067
13987
9422
3728
7643
958
2002
10188
5398
4538
8599
7749
2282
3428
12363
10896
11397
5826
4292
5199
5441
272
9349
3592
13983
6250
8149
1694
13464
4169
572
597
2205
1713
483
952
4216
1289
6685
7358
6625
5540
3900
453
9354
5135
11697
10131
5707
4506
3602
797
1017
6612
3577
853
1416
8951
3003
6122
9265
3727
8236
223
11573
8086
5896
14565
7321
3001
1171
3175
1236
6196
711
1927
1436
12640
8151
8690
5757
6282
4565
7446
4152
6199
1021
2939
6836
6310
871
4871
1572
10221
3090
1022
3013
4062
11590
9105
7342
3841
4645
8533
6985
8608
1098
5293
11281
792
220
4700
10434
13607
10428
3029
3138
7881
3403
238
5438
8385
8857
1690
294
9372
92
1020
4677
6014
8279
787
3492
8144
5657
12922
6099
8826
2979
1765
5551
3842
6286
4399
1083
3150
1676
1463
5550
8985
594
11767
8397
11497
7630
11677
2367
1073
10479
8960
3519
3444
13486
846
2260
1451
7441
719
396
564
11547
56
8155
7822
1754
579
6751
11726
5870
3782
4578
8523
5987
6290
6747
9356
7290
4659
7799
13056
7947
5305
4605
8307
5731
8156
12313
5450
3054
8576
9775
8068
10550
1852
4005
13074
14302
8553
11276
6257
2673
2843
1050
5866
3153
13896
995
5910
406
3562
2900
1106
2474
9061
2100
8260
3695
1616
8123
8142
5568
2286
881
10935
8809
13326
8715
5966
7712
3230
7662
9659
3502
845
8158
2429
1135
8514
12652
13955
3786
7752
9793
893
11360
1762
7041
5143
468
11445
9473
6215
8130
5510
2923
8252
