752
2035
2418
857
11471
900
817
618
765
4321
753
910
2347
859
673
875
646
811
4301
10273
781
12534
876
887
760
11824
9428
1923
9355
9887
8318
261
921
1241
11468
10409
792
2895
4260
759
2344
10402
8115
933
2416
810
9349
2374
9473
2336
7696
777
3809
468
233
2355
2415
10374
11079
809
769
3758
6414
10543
774
7882
863
11117
572
1787
9465
914
4169
1137
3739
678
941
8959
803
2782
7333
8176
901
1229
662
3078
1447
3400
2779
2377
10473
241
937
3810
10410
9154
10019
256
668
890
12536
1341
2381
2781
7159
2424
825
904
771
11165
3287
1313
5690
7380
7756
8458
621
813
2602
567
853
940
3402
4275
11082
10404
278
12520
294
973
8537
1240
12173
405
10522
823
5431
10380
2002
8250
8960
12503
2026
2670
893
2438
251
897
7517
8451
11245
280
2384
232
1100
8452
3121
907
1925
2572
12542
2557
1303
2375
3029
10378
12681
2382
3569
1789
2625
8641
264
1051
2607
4216
11513
11878
4497
9460
12515
10524
293
3570
11880
634
775
3692
861
2421
2569
8443
10379
3019
12491
1234
2636
7566
235
2414
10301
1914
3339
8696
1363
10299
920
5441
2036
8455
12160
939
1331
2563
1238
2369
909
10552
2370
3020
5144
11921
884
9448
281
778
1766
2613
8448
869
1894
2768
3899
5443
930
2632
906
4753
11879
2429
9352
8900
8538
2605
3596
767
4267
277
1996
11923
4318
10
7715
8018
8546
220
2363
3329
9265
10935
1236
2354
1292
2643
10407
629
331
3016
9462
2012
284
3988
849
10375
12479
913
3487
7533
10523
827
2345
2431
7528
8698
283
1131
2190
3406
12306
472
13032
3502
11545
13457
815
862
871
2197
2559
255
2422
2780
8482
13136
873
3947
11933
2692
2701
4479
13647
2392
4296
8656
943
5838
10540
819
2010
2198
2253
5539
11903
11983
2623
10521
816
7384
8756
253
2351
4271
5544
7544
7569
9427
12532
3811
4262
11877
11899
1171
1301
1790
4405
1893
1889
2387
3568
4725
257
3807
3498
912
1108
1159
1221
1298
7570
902
1261
802
925
945
3397
4724
766
12172
1232
832
7661
10232
10401
10477
8167
9354
9469
11890
13016
1250
1997
3073
3405
5551
6411
11521
911
2712
7178
2467
3900
5404
10538
2454
4909
13277
3948
2019
3546
6153
9343
244
903
1278
5871
9350
2679
834
851
10373
2357
4263
11478
1275
4014
5540
13082
13184
13393
1828
2667
3808
11495
758
847
2432
3398
7859
9358
9505
11397
780
2020
6154
836
1602
3926
10478
2672
2420
2896
2724
4024
11901
2630
3132
4312
8549
1118
1136
7329
8536
9362
262
2913
10390
2199
2358
3017
10403
892
2314
5557
6399
6508
9430
9452
661
2784
4852
8484
8703
5174
10354
10472
12474
886
1050
12096
848
1097
3129
10388
11104
12921
3409
11457
11503
13274
688
954
2519
2783
5866
11937
2606
2769
285
4755
8019
11882
5556
305
332
872
1992
2383
2393
3417
4299
8653
13065
2088
3188
5060
6413
13193
1314
2971
3090
3427
4594
5744
7415
9266
11302
11480
756
1886
4322
8844
11873
13283
990
1120
2379
2386
4225
7615
2439
3185
5592
1135
12731
1463
2365
5861
8032
12551
801
1126
4489
10392
12528
894
1187
2645
6674
956
1302
3184
5550
5743
292
2964
7745
8401
787
963
1338
5538
5708
7113
9449
12903
13188
13225
3304
5611
11514
12919
799
3055
6410
13498
2747
3800
4786
6215
9702
932
3031
3959
8379
11354
632
1597
2628
9470
10369
12493
246
905
928
2033
2699
2725
1872
3577
5150
7372
8402
11017
11707
1164
1539
3033
4746
4778
9098
9345
11887
1207
1328
3166
3718
5545
9459
12936
237
995
4037
10536
12938
2612
2694
3639
4779
5541
6397
10535
11221
870
1891
7382
8109
773
3136
6748
8245
11519
679
2353
2912
3949
4745
5558
11299
11533
12535
12614
258
2610
4516
8533
10441
12357
1048
1233
1607
1991
2385
13642
13690
1389
2523
6412
7567
7613
12922
1354
2335
2666
3012
3066
12164
1132
3407
4257
10347
2428
2641
7358
11528
13151
13616
674
770
11394
938
1890
5026
8525
12611
2017
2409
10550
11391
12516
243
282
2538
3403
4229
5543
11897
13144
13485
681
2011
2509
12552
1177
2494
3380
12099
13069
13625
768
10346
12485
1220
10211
10302
291
5924
10435
11389
12008
2008
2637
3013
3562
7568
8244
8504
12131
12941
13377
2367
2496
2574
7301
1911
2352
2633
4373
4731
4992
5634
7378
8505
9254
10075
898
2721
8736
10382
1122
1600
12494
13174
793
831
2359
3010
4687
5046
10475
11046
11628
4038
4324
10100
10480
11531
11907
12506
13070
275
949
1866
3186
5612
6415
7376
10267
12498
13141
643
2969
3775
4661
7176
8465
10210
11390
12547
12911
822
4039
5437
475
682
1184
2426
2786
3189
3905
4179
5693
11507
779
1608
4747
12953
2542
3022
3138
3414
3537
4303
4438
9251
11799
4261
8613
12175
13081
13153
249
867
961
1291
7414
7948
9356
11386
12952
969
1205
1274
11475
12627
12932
13066
1201
2734
3030
3408
3430
4323
6452
8489
11476
12917
13648
238
874
2751
3018
5546
9373
12471
234
2923
8737
10394
10479
12846
13428
649
8899
9445
12133
12595
13296
1605
1834
3399
3579
3582
5613
9632
10146
10386
683
2669
4851
6266
8486
8535
12495
12939
13063
13429
13585
1119
2550
2571
2906
2914
972
2342
2757
5780
8655
10254
11753
11926
12500
13463
5745
11906
11908
12743
1089
10405
10541
924
2680
3115
5724
5757
6296
7267
8247
12155
185
772
789
1339
5140
6472
8442
11481
11548
12170
12885
13173
13220
652
782
965
3294
3298
12167
13125
794
1114
2362
2626
2760
3026
3377
4265
11902
1943
3337
6340
10464
11107
12159
12484
13185
948
1932
4333
6297
7698
13236
1415
2865
2970
3174
3986
7117
8699
8712
2371
2573
2668
2949
3518
5034
9463
9487
10467
11794
13284
