10231
7096
6276
8605
10074
13984
5622
8845
14292
6735
2036
7002
11729
1173
7411
1865
6105
2752
6538
10707
7184
1543
3408
5023
1249
12516
2497
1318
6367
9755
12685
626
14239
2712
11493
5333
11235
1368
7646
11512
8119
14143
11940
10506
13259
2730
6374
1900
7843
10080
6367
12022
4033
12702
5056
350
7941
6783
13185
7744
217
13673
11296
4025
10703
3400
14455
4043
12010
7109
840
7873
11172
12335
1655
11788
8654
11821
9407
4174
5145
11308
9737
4496
6649
8118
9783
13130
3847
7035
13859
10133
2036
2992
748
10865
8038
9102
7162
7614
1439
5046
13353
304
14122
4609
5550
724
4855
4031
2813
670
445
13325
13426
10296
10026
11686
4011
3775
6567
11158
8865
3887
12532
5009
8333
6425
338
3817
2280
3911
6929
14172
11327
11787
1501
4743
13565
5495
2632
8677
7965
2652
14333
12745
7615
12944
12600
10599
7618
6080
5652
3011
14305
2572
4650
4179
8236
11384
9684
13963
14529
9037
14149
1744
521
11767
13547
6206
12892
12031
4934
11942
3764
13585
6238
13234
423
4385
56
4824
10602
14686
13251
3576
5622
8457
7422
3258
6409
12586
9658
4659
14529
2450
3520
5284
2950
7378
4334
7002
13342
12348
12531
10078
4825
7011
7644
6528
10082
4358
950
12667
7795
2943
3742
9155
9303
784
720
923
6175
719
8352
14480
13734
4650
8808
11379
4236
269
14619
10339
9885
9452
2684
6003
1179
13103
9998
11294
1412
12899
7423
1802
8471
5345
5899
8708
14317
6097
5257
13099
715
8371
2470
7790
9334
8381
14234
4406
11233
8877
3779
2105
8040
5025
10478
4420
11051
13564
524
10040
4588
3447
9123
11787
13074
4964
13883
14166
8095
2828
11071
13266
12250
3368
9287
8928
7475
1357
5322
1139
8964
12694
3097
13726
11802
10198
11598
3948
9583
13565
11097
12942
6300
7192
7555
9218
7504
1292
2446
11209
5162
4392
8715
12041
8321
62
4144
11047
4543
11204
2887
1516
7476
8970
4806
13661
12590
9599
7107
271
12683
9352
4490
10874
10792
9169
6395
13101
1795
7073
9908
8931
6145
10813
3785
9398
854
485
9580
4982
10172
11237
12352
6839
1253
10057
11407
2810
5097
143
6989
5377
7398
9012
10074
14202
1414
8495
293
13785
12380
10432
11448
13402
12347
2442
3078
3449
8783
1810
2014
11474
12175
11413
387
7413
10469
4004
14491
7700
8472
4551
9821
7350
10211
10317
9624
12458
7493
10635
7815
8006
7206
12377
10488
14641
9609
4991
4848
7148
1845
1410
2370
3361
7141
9769
3309
9970
7100
8784
14448
6993
4254
13071
9309
11133
4065
2913
8774
2759
3483
13964
4416
12266
10203
6695
2961
9491
10888
5443
8837
9874
11157
11571
7373
8253
1461
4803
3539
2436
4355
8170
4669
9013
12343
4451
11393
13688
5988
3188
7965
925
6267
2972
7051
6075
8071
11345
8023
8592
13426
10400
8269
12481
3843
13125
23
11972
2484
1231
5790
12466
7480
3976
5740
5660
9536
5274
7237
2593
14481
5320
11926
11949
9564
13743
12393
6499
12264
13541
9184
8175
14569
6799
4724
9127
12216
9722
3802
4589
840
10634
451
5
12398
9049
1863
1744
6639
9732
4476
5922
630
1587
1270
13876
14714
7863
6073
5453
14570
1338
1303
10024
14048
5625
13224
3705
1309
3322
7797
10534
10629
3192
1243
13177
10527
2410
9732
11234
1646
3572
4279
9839
11178
1154
14455
13173
846
3407
2707
10261
8317
10524
13975
7298
6880
14084
12621
5026
12070
4041
13290
407
8172
7415
6034
7335
3726
2060
2863
7005
10951
13098
3567
10174
5143
1494
12709
7342
3927
5771
3958
4095
6060
5819
2632
13928
9829
4151
3852
8626
11154
7013
3712
5713
1405
12840
785
13509
3462
12221
14478
11845
10469
13190
1884
2725
12442
9284
3987
4044
14250
14572
14216
1988
13656
9073
2693
6164
10697
13814
11940
1340
7521
9568
4699
11132
13530
937
12636
3314
6961
14637
5455
2620
1969
12775
502
9577
1925
5561
9518
8329
3101
74
1449
3475
11734
2715
11255
3715
6098
12151
1382
1581
9580
6042
13479
3764
232
1602
9083
4576
9108
7919
13383
586
11700
2777
1222
7097
10089
8308
2312
12526
2724
824
5891
13731
1957
3045
5520
288
7980
10767
12757
6318
7540
10345
7194
1595
9817
6943
8032
3347
7888
3790
5109
13562
3050
7938
3215
7672
6355
12937
11181
8735
9972
7332
1291
1033
4255
2001
10373
1594
11021
8584
4995
8399
5986
6864
11790
13665
11704
8094
9446
3176
7106
9762
1983
5824
4774
621
8943
3170
12067
7813
5869
1547
1982
9996
1796
278
5039
7688
14438
9324
4067
1210
2265
558
7832
4745
1359
14047
994
7880
5222
1767
7866
14072
12358
2592
2107
10965
7320
9762
4795
8591
7932
11309
14327
10516
2181
4692
829
1820
8965
11935
8676
9975
9056
3471
8883
815
4538
4477
2089
1920
7544
12009
7118
8707
976
6002
5320
14469
9575
6224
13808
13279
4633
14616
10119
10367
7004
947
12094
4072
6851
11737
3355
13084
6493
7971
11049
7192
1852
5382
10671
9496
10512
7528
10949
438
1000
6465
2897
3034
3386
2084
2992
99
7253
12320
1846
3452
10423
2064
7012
2923
8950
1331
3935
9642
1240
611
14715
861
13800
3822
8496
8565
10187
6956
13801
5328
12561
3942
6507
14378
14409
3698
12617
13325
108
9350
8270
4133
12769
10556
13342
4266
4103
3483
8764
3720
13574
8529
4846
10862
6416
6913
1197
10254
14133
7150
13228
9447
12861
11921
6494
13465
2714
5006
7099
1025
6764
13908
1635
1883
180
10823
5475
2058
8701
10588
6497
899
12012
12011
9508
3231
13809
8631
10327
526
3143
6630
7937
5586
2146
13933
9094
5662
11379
6537
2429
7747
11080
10612
2869
1581
8762
182
1350
8383
11399
2219
14085
803
9203
1640
1580
155
7088
1556
2590
11676
1350
5547
3882
10820
14314
9633
10911
11128
5631
12940
5901
12229
12489
8
13744
2541
2267
13185
2276
11580
1162
7545
12188
6254
3172
7115
12462
1634
12360
4771
12971
4993
4612
3990
3826
7930
