4804
1764
4266
4277
3480
4244
5091
893
1392
3107
1587
3551
377
3308
367
5133
1923
1775
898
3309
5056
3494
3479
3007
4207
3062
4778
3195
1836
3508
3178
736
2183
3167
3493
1924
3546
3306
374
861
853
1676
3056
390
959
376
3108
3518
3496
3219
852
3507
3461
3055
133
3484
3487
3675
944
3500
3804
4803
738
381
4284
4918
3491
3481
3741
2680
698
5051
894
1333
4974
7136
840
3532
4490
828
3886
4792
3194
3268
3858
5708
3541
4836
3477
3863
388
862
822
3483
1926
4051
3302
4270
1174
5234
2545
3412
3323
579
3185
1578
3836
817
4144
3552
3279
4225
4832
1447
3793
3303
3177
3556
855
1580
1760
3028
3290
2200
4185
941
4805
5030
857
3271
3282
4229
849
3298
3478
5089
5181
2198
2126
3278
5071
863
3548
5060
777
3882
8037
4250
4802
8029
3797
5104
2205
4544
1710
3954
699
3382
3237
3398
626
3315
3796
808
4228
3140
3557
4116
4308
3392
4738
4794
3506
3540
4937
5140
389
3498
732
3867
1171
3156
3502
3862
5417
357
3515
847
2748
3488
3505
130
4240
264
459
871
3992
6089
392
3249
3144
3517
692
720
5872
7740
351
774
3462
864
1757
2199
3851
4996
5311
378
2184
3406
4469
4710
1590
3490
4230
3553
4004
7705
889
3153
3516
3058
4129
4280
5674
865
4845
3524
3526
5441
7254
3554
3710
1606
2409
4136
805
4239
4493
3292
3301
3520
4978
6959
4055
4676
36
4148
3030
3132
4114
5758
372
3241
5430
786
1795
3549
5428
974
4023
369
1478
4742
5068
5111
1004
4286
4862
6041
2672
842
2173
3041
3176
4779
3150
4801
839
4288
5136
895
3721
4592
4739
4850
2982
3399
3473
5164
794
2359
4091
5208
3514
1104
2978
3251
4746
3299
3341
1369
1504
2878
3391
4954
468
4042
387
715
888
1934
2617
4079
4992
5239
1188
3876
3985
3994
4854
5033
3288
3307
5408
1098
1834
3131
4256
866
4119
1571
1794
1958
3285
3314
4838
8059
3117
3469
3489
4790
352
2976
4254
4975
328
2962
6075
3383
4461
4611
4997
5560
690
4252
5429
6350
883
370
373
824
1769
4188
4757
5382
5607
4752
3539
4287
5611
8438
3283
3861
4242
4759
5047
5095
5280
6091
2635
3042
3207
3993
4087
5019
844
4754
4793
649
1929
2170
2927
3143
3545
711
3246
3316
4031
4808
4844
706
3536
7410
386
718
3050
3313
3475
260
3513
3869
3531
4420
5485
691
714
4773
1095
1420
3243
5949
7139
3250
3429
3642
4755
6251
811
1574
3238
3294
3305
3547
4291
5455
6057
129
1598
3206
3534
3778
5054
1182
1419
1573
3130
3317
6046
532
719
837
1680
2659
4231
4648
7251
7943
8002
831
3346
3415
3555
7729
856
4321
4977
5641
3855
4789
161
891
3277
3854
3856
4579
1090
1518
2761
6996
140
1231
3458
814
823
1217
5077
3819
4749
5053
5242
3051
8001
956
2669
5456
978
5759
7199
971
1600
5067
6987
1593
1925
6131
7565
813
2180
3397
3535
4283
4726
5197
5577
703
1907
3300
3527
3888
4003
846
1395
1589
3832
4809
5390
981
1765
3883
5222
2599
3991
4059
6074
6994
358
391
3287
3390
3472
7739
1521
2321
3049
3357
5246
1218
2516
3333
4113
4241
7042
3045
5069
1186
1381
2685
2758
3504
4050
5078
132
371
859
2182
5202
5447
5567
5850
5733
1575
3847
4326
569
818
993
1189
1627
3440
4780
7098
8064
327
976
1750
5402
3286
4066
4271
4822
5050
7543
686
788
838
845
1673
2161
3849
5034
5415
645
801
1105
3275
4137
875
2594
2650
3291
3401
5281
616
1179
1294
1374
3048
4178
5090
5245
5450
617
1396
3295
3510
3523
4008
5196
685
868
1169
1607
3957
3963
5015
6571
6572
8125
2103
3533
3931
4894
5279
7027
1187
1503
2128
3060
3430
3841
3866
5008
7622
8424
1227
1628
2641
4846
4880
1497
1514
1611
1675
4626
841
1238
1871
2532
4976
5296
884
1230
3499
3785
4494
4938
5409
5518
1698
1797
4138
5082
5094
6199
144
368
456
807
3312
716
899
3221
3322
4506
4659
5112
5285
7624
700
886
2743
2903
3887
4065
4878
398
880
3310
384
867
887
1378
3750
4522
5432
7948
4818
4985
872
1952
2125
2854
3145
8337
3242
4869
5217
5831
870
2660
3149
3512
4477
5683
5767
6066
6313
8036
1872
4120
7047
1166
1625
3919
1626
3245
5115
8065
8340
625
881
1496
3601
4103
5183
5457
6035
380
2104
3404
5110
8100
142
418
1520
3040
3474
3511
3525
3938
4664
4729
4785
458
879
3377
3419
3885
4130
851
2165
2297
2342
2629
3244
4056
7135
7621
295
804
3743
3837
4007
4049
4855
5072
5122
6651
7029
463
1572
2618
3311
4837
5117
6873
8058
8061
8569
789
882
3418
3530
3852
4543
4853
4963
5036
5114
5919
8512
1319
1643
2781
4095
5550
5615
5791
5899
8109
8588
382
877
1191
1222
1554
3765
4409
4758
5101
5484
623
1190
2651
3067
3850
3962
4052
6268
128
1962
3352
4856
5232
5431
5697
7411
8472
563
992
1865
1873
2977
3465
4227
5761
6085
7036
858
1502
2299
2606
2925
3247
3284
3367
5598
5619
7049
139
999
1624
1648
1870
3069
3139
3528
4343
4705
4810
4893
4983
8451
1315
3332
4665
5435
6036
6094
8564
1232
1309
1390
3320
3492
3542
4196
4870
4882
7120
8042
1595
2166
2455
4168
4215
4462
4827
5109
5129
6288
6291
876
1304
2127
3111
3220
3476
4278
4657
6664
1178
4470
4492
5121
6438
7032
7038
8021
991
3105
3218
4057
4591
4788
4820
5315
6049
7039
1111
1955
2630
3364
4495
5098
5656
5792
6989
1417
1434
1699
1833
3293
3864
4029
4516
647
2936
3031
3351
3396
4041
6077
6927
353
1413
2785
3222
5400
7950
354
2544
3296
3582
3844
5578
5855
6045
6993
7017
7133
