1775
3268
2641
1742
172
1466
249
202
2483
4937
7351
2748
199
392
8387
5985
4372
33
328
643
7069
4346
6713
2995
7595
3005
3949
4373
5555
5926
454
1942
2316
3765
6922
36
2277
7098
684
4368
8699
2982
7100
2981
1961
1374
8334
5913
2295
3003
3266
418
441
487
508
730
2407
468
4348
6840
4925
1941
782
179
7997
8361
453
2065
4471
433
6013
4371
4349
435
299
1939
352
5949
248
6946
362
3004
5917
7199
351
81
4375
3557
3879
4347
77
505
7068
336
4378
3195
4216
8826
7634
1940
11
9
2031
1113
4369
55
8827
8121
3820
8897
434
5173
6357
3340
3814
237
6839
6130
3267
959
1682
8829
627
6993
847
2268
6077
27
6593
176
6707
479
6956
512
6937
354
8203
6945
4339
8838
8683
264
173
563
1774
5305
361
74
185
6536
1944
612
63
6950
444
350
2241
1920
6611
4054
2076
1190
6529
417
2226
104
6459
1938
4457
6644
8824
6316
2017
1319
2438
7449
8869
3202
378
6680
478
6640
388
1548
7373
1241
1545
2510
2016
2720
6689
2054
6923
6004
7049
8436
8195
6089
337
1673
353
1151
6240
2681
6544
7847
6633
1530
2557
848
2165
1730
623
7959
6708
2303
6477
281
205
3804
7706
1447
6860
5471
4350
6805
8765
2758
7019
1624
6669
184
1535
618
6151
1652
8817
1521
2639
1815
1943
2489
2476
3412
2725
757
6341
359
1504
4266
4377
629
6679
5322
3689
349
2524
7457
7028
2759
4374
6029
6025
6591
8424
208
116
2520
8786
1718
5878
495
546
7862
8001
6289
506
2325
5104
2143
699
5463
377
8025
6989
1744
1554
5888
7802
1728
6960
698
327
1562
2023
6129
1519
8513
1121
7077
8005
2691
2505
7481
3564
8054
744
1877
5900
1509
1916
295
824
2463
2457
7246
1323
7135
8462
8286
1731
3404
1333
1627
6441
1827
7998
4370
8101
1577
4352
480
386
1665
6429
4362
7213
4091
2786
7452
48
3624
2903
1623
2775
420
759
8340
1934
4830
7869
347
1317
7936
1019
7031
5647
3179
2333
2743
348
8791
2228
8807
7321
4365
8059
3402
1310
423
2482
4364
408
3788
381
4838
486
1625
6082
2077
4436
5110
8097
1569
1308
863
3678
5157
8031
2795
393
3156
1831
8342
2552
4974
6728
5526
8414
425
6958
2852
4908
8034
6637
642
2485
4966
1450
8789
503
6057
8395
776
1288
2443
7770
5257
1593
1470
4326
3359
1315
5963
6353
2146
5560
2659
6380
8404
2808
6998
1954
2068
626
8202
1506
97
189
3391
8674
3642
2874
7972
323
326
2658
2654
2523
8085
3616
1716
1012
2287
62
7297
283
3727
7624
1520
3989
3162
2513
8833
4424
6200
6075
6248
6131
3444
4456
7237
883
443
7700
2299
3646
1626
1174
5495
1165
396
7081
8185
7125
3066
2627
1724
8418
2032
2220
372
2718
3191
7846
3620
733
2061
5368
1951
469
7143
542
1561
1326
3826
2984
2664
374
3053
8549
569
8684
4923
251
7961
1269
1099
466
6638
3721
7778
1729
1350
8464
8591
6182
6991
2347
507
7598
5146
7486
106
3908
8690
1628
3641
5122
7380
1293
577
5311
8849
4759
2088
7525
2828
8537
1088
406
2410
617
431
2745
6749
3290
188
685
1568
7699
2451
1871
2090
436
1179
1431
1810
2064
1952
3212
2944
6656
1217
6907
2122
2683
7443
6931
7410
8832
4538
649
4957
4124
1785
6409
1900
3535
2534
8127
1946
3940
376
3638
890
2293
1327
8129
4409
7080
23
7825
2014
1915
3241
2141
330
7099
1546
1830
6957
2558
5668
781
2607
2334
285
125
180
1600
7255
1458
1517
119
2145
6795
8142
1630
4411
2955
6841
556
1023
1949
7540
2161
8192
5811
3816
8666
4840
2746
286
513
1834
5459
2487
1549
8753
163
2878
201
5608
7448
7948
2656
2636
2233
6756
120
496
5301
7958
7017
2466
6375
3863
2234
3948
7000
6994
287
203
325
8764
1518
1734
70
2776
3303
1531
3192
4018
3414
1087
3250
2766
2213
1574
399
3505
1904
2127
4354
4427
49
5112
2839
7955
7536
8114
946
1596
4832
1556
5927
5031
7917
7374
4926
2687
224
4002
8093
1135
3494
358
405
5336
4120
8067
4472
4343
7709
1884
1958
6094
4412
2223
849
6868
8482
594
5246
8126
6006
8017
5938
2056
7539
3281
1681
5654
6363
5646
5742
5091
4191
1964
5787
4495
7740
3342
2328
509
6609
8125
1764
7968
1373
5918
257
2927
4338
7768
8613
5001
7979
3608
2126
154
4344
6373
597
6426
1514
1164
779
2359
7339
7760
4662
7939
8578
963
6892
8029
182
432
5111
5934
1788
7353
723
571
6442
200
2084
2269
7921
398
4933
7742
4477
4011
3425
6809
4983
7
6964
4416
1022
3662
2345
2003
960
1905
137
6969
3607
7856
387
7999
2368
3810
4404
3837
3652
1298
403
5337
4256
1405
389
3806
1980
7974
2893
3598
2393
78
4361
6833
4107
2007
5976
1318
8543
6996
3421
6390
4180
4322
7665
6999
6714
6914
7365
5165
8167
6009
8100
8124
8450
8423
5774
1970
784
6383
579
8115
8707
4230
5607
3160
8172
2002
2665
6183
4376
7663
8629
105
1185
6918
6639
7773
6350
2702
4428
7627
8194
8461
7994
2326
5321
6954
7602
8522
1112
7674
3954
6666
7829
4204
2862
1356
3583
4406
6410
6944
6619
356
3018
429
223
4883
2173
5296
8122
1
8428
2904
5783
3831
1786
322
1434
3532
7175
1522
6034
4038
2021
5164
1407
6983
6154
2019
5434
6643
6866
7212
2244
2280
2018
239
6667
1587
39
7097
3909
475
5374
7837
3844
3062
2257
7593
5475
4332
2545
7647
8716
1444
3223
7701
5429
957
5231
2936
1822
5469
4470
1804
1089
3893
2751
8222
6569
7686
777
8231
1897
6617
2623
6699
2285
8520
1432
8569
37
1017
8173
5308
4178
446
7059
3995
