1614
4620
928
3972
2552
7201
772
7191
2861
223
4413
7781
7189
6822
6769
764
3699
7459
4898
7432
6425
898
6753
8552
4711
1539
8848
36
8664
8478
4982
8547
4857
1504
8099
4446
4198
2464
7777
3419
6931
8079
4445
8239
1855
143
2363
3860
5382
8385
8124
4132
6066
5519
5574
994
3130
5095
1292
8044
1323
3921
6625
2106
8667
3083
5061
4178
3778
2732
4345
8015
4243
7482
888
6144
2051
8071
4406
7775
4690
4990
8201
5628
4827
1179
4491
7871
607
2749
7636
7648
8149
2610
155
1853
3335
308
627
4523
5241
1746
437
185
2307
7938
6688
4872
3759
1795
5425
415
6183
4604
2613
6517
8419
7307
2685
7695
7166
7562
953
1074
5826
5182
6435
7766
5334
8238
3309
1620
6541
4857
3430
2927
3354
4421
1152
1689
2414
1392
5669
1508
3657
6419
5158
4897
7119
5143
512
7165
4897
4755
2694
5701
8688
3586
4110
7473
2977
3512
8176
430
5979
1806
6178
5456
4696
1634
4592
5802
3106
3223
92
6947
8064
6547
6280
5563
8045
8645
7890
836
3463
579
2925
3123
7740
1722
1951
2085
242
2685
268
7555
4536
5350
2625
5263
3605
6498
8106
5007
3310
8696
301
8777
2013
4150
5777
3742
6485
1216
2544
1304
7081
6809
7289
6171
6793
3050
8395
3391
510
4224
1701
4732
792
5349
1389
7783
419
4418
6911
4098
3478
5363
1232
4515
1450
1777
261
8495
836
6171
1423
5327
5309
7383
1008
1351
144
6826
5302
2985
3571
3953
4929
5542
5920
4141
3287
8130
960
6089
2723
7046
8632
8878
7617
1442
6639
2966
6490
4654
1885
7146
6330
3814
4482
4296
4759
2386
5086
1132
4806
227
3647
3571
635
4409
2773
5101
7981
5900
1690
175
4454
366
5213
3641
7249
1095
2778
7787
5201
325
1602
3255
4102
826
8030
2026
4494
4690
8718
2277
368
760
5779
987
7511
51
2112
1187
4775
481
5718
5752
2977
875
5238
8085
6482
5705
2490
7577
4416
6211
3947
7725
254
4800
7832
6112
403
2437
8163
4589
7549
3895
6705
7037
7051
6616
2078
5772
1986
8752
4001
4993
6742
870
7628
140
2334
1046
1122
3124
5022
1519
359
4476
5151
3924
6111
3518
6258
1781
68
6245
6562
5074
6030
8559
8442
8023
6960
4869
8168
2240
3986
294
7056
6653
172
7275
1037
3646
8261
7492
6188
7536
8724
3721
4377
2043
4534
515
3145
7446
224
3081
1602
1118
8134
1107
5973
1866
4380
804
2849
1437
6908
265
254
6518
841
3699
7948
3647
5327
1804
1984
2554
7039
8398
8822
3675
3119
1300
3459
4406
5246
2955
6127
39
7350
4750
4898
2357
2689
226
2146
3245
4123
4874
3508
1386
5993
2301
458
4297
2552
5947
6995
4840
7795
6594
3609
6974
6059
3144
7817
7511
2558
5664
571
2032
3215
7437
38
2363
7900
1812
869
6406
8760
3512
8246
368
2500
3272
3325
5152
2039
775
2993
7046
498
762
1774
1946
8476
4220
749
22
5360
1732
6235
4171
976
979
8596
2583
6842
2843
5145
6526
3766
2936
1721
4280
6667
7567
1437
3334
8149
1678
1770
3191
5077
1706
515
6478
6617
1
6307
4468
4677
1182
4177
1809
4451
1145
4577
8260
6397
1615
5754
436
3425
4508
6402
1941
4092
6500
2387
2499
4213
3015
317
8803
1666
6537
4949
6780
7655
77
2859
5256
8099
7118
81
6181
8575
348
2996
1387
4870
7985
7125
6566
8686
1436
3615
4717
1226
7047
8447
4228
8037
7578
2813
5703
4593
8055
6570
744
7120
1441
2316
999
5821
5354
7730
2452
2600
7414
8526
1982
7568
2738
1732
1487
2283
2838
2684
6353
6998
8775
4575
4120
4119
5799
2559
3768
5728
1419
1564
584
1367
8343
4688
3836
1598
3039
1768
1314
6208
7327
1610
1803
7669
3046
7577
3573
2997
5216
3179
7372
3189
6155
246
1393
2098
4981
6684
5333
4404
403
4337
7953
3433
5588
7144
2611
5655
4384
2862
7212
3533
6186
2218
3344
8639
2460
7328
3305
5606
2535
602
915
2858
6559
5659
8036
2177
8700
5433
1633
6442
698
5415
4439
641
4812
4320
8338
7860
8614
3510
7292
744
4635
5747
4569
1048
1837
4065
3
1748
5285
857
5480
3572
7984
81
6031
7212
6938
7826
8814
3596
430
7818
8142
7632
4507
5401
3341
4076
1353
1633
7127
6826
5473
6118
4584
5519
4602
8448
5412
5785
6758
7037
7238
6946
7981
2054
6182
8812
4450
6034
2037
2776
3384
7567
7067
599
1453
8258
3691
3639
9
3054
1612
7248
2823
7139
6353
3815
5681
8099
4571
4502
4520
2870
357
8849
8195
780
4643
6718
8653
7200
5650
1139
1336
859
605
1908
7350
8079
1476
4250
4098
1560
5990
5144
5155
3936
1366
2973
6901
6919
5264
6125
1204
6223
7294
6338
8169
1473
1292
7245
3882
4129
8726
6673
6500
4988
4218
721
1082
3171
1642
3032
4931
2150
7169
8014
7954
2148
6237
892
3111
5610
1393
4250
8573
7629
8272
5470
3806
1223
2769
4520
3288
8480
1843
8204
8083
1556
4374
2493
6411
8258
6177
7931
6477
4193
1443
467
1282
4063
2983
1728
3221
4207
8634
613
2469
999
4307
5677
1735
8286
473
3859
784
579
8183
502
3854
2142
1691
7255
825
823
742
1596
8586
332
3445
6849
1335
4439
3581
2590
2055
3921
5394
6196
1835
4274
6581
2636
1671
1847
8081
2848
8190
3847
2893
5541
4702
8688
1675
3278
2133
5527
1577
4450
3387
1795
8020
4361
3597
3030
1431
961
6798
2382
1623
6124
3067
25
5288
272
2998
3031
7749
8855
7378
4409
7330
692
3865
3361
6137
6004
1348
3335
8361
8795
3352
5720
1308
8400
3
3665
7871
5153
1674
4583
8396
6558
4822
7395
3673
8719
5436
8545
6908
8477
1286
7512
8297
300
7417
5575
6275
263
6144
7713
5228
2953
576
1554
2860
464
5299
5819
1155
3868
5107
3344
8469
